ID1	ID2	Start	End	Label
[0,1]		;2	;1251	;InGroup
[2]	[0,1]	;1080	;1251	;Approach
[0,1,2]		;1251	;2053	;InGroup //(2 joins)
[3]	[0,1,2] ;1951	;2053	;Approach
[4]	[0,1,2] ;1978	;2111	;Approach
[3,4]		;1978	;2053	;WalkTogether
[0,1,2,3]	;2053	;2111	;InGroup //(3)
[0,1,2,3,4]	;2111	;2035	;InGroup //(4)
[0,1,2,3] [4]	;2035	;2385	;Split 
[0,1,2,3] [4]	;2385	;2704	;Ignore
[0,1,2,3] [4]	;2704	;2802	;Approach
[0,1,2,3,4]	;2802	;3912	;InGroup //(4)
[0,2]	[3,4] ;3932	;4035	;Split   
[2,3,4]		;3912	;3959	;InGroup
[0,2]		;3929	;4098	;WalkTogether
[2,3,4]		;3959	;4049	;WalkTogether
[2,4]		;4050	;4062	;WalkTogether //(4 leaves)
[0,1]		;4992	;5260	;WalkTogether
[2]	[0,1]	;5116	;5135	;Approach
[2,3,4]		;5135	;5260	;WalkTogether
[2,3,4] [0,1]	;5135	;5260	;Approach
[0,1,2,3,4]	;5260	;5826	;InGroup //(groups merge)
[0,1,2]	[3,4]	;5826	;5926	;Split
[0,1,2]		;5826	;6114	;WalkTogether
[3,4]		;5826	;5926	;WalkTogether
[1]	[0]	;6293	;6384	;Following
[0,1,2]		;6653	;6968	;WalkTogether
[0,1,2]	[3]	;6924	;6937	;Approach
[3,4]		;6937	;6968	;WalkTogether
[0,1,2]	[3,4]	;6937	;6968	;Approach
[0,1,2,3,4]	;6968	;7381	;InGroup //(merge)
[0,2,3,4]  [1] 	;7381	;7455	;Split //(1 leaves)
[0,2,3,4]	;7381	;8124	;InGroup //(1 left)
[0,2,3,4]  [1]	;7999	;8124	;Approach //(1 approaches)
[0,1,2,3,4]	;8124	;8364	;InGroup //(1 joins)
[0,1,2,3,4]	;8364	;8457	;WalkTogether
[0,1,2,3,4]	;8457	;9055	;InGroup
[0,1,2,3,4]	;9055	;9156	;WalkTogether
[0,1,2,3,4]	;9156	;9232	;InGroup
[0,2] [1,3,4]	;9232	;9390	;Split
[0,2]		;9232	;9305	;WalkTogether
[1,3,4]		;9232	;9479	;WalkTogether
[0,2]		;9305	;9390	;InGroup
[0,2]		;9390	;9479	;WalkTogether
[0,2] [1,3,4]	;9390	;9479	;Approach
[0,1,2,3,4]  	;9479	;9556	;InGroup //(merge)
[1,2,3,4]  	;9556	;10327	;InGroup //(0 leaves)
[0] [1,2,3,4]  	;9556	;9820	;Split //(0 leaves)
[0] [1,2,3,4]  	;9981	;10327	;Approach
[0]	[5]	;10174	;10247	;Approach
[0,1,2,3,4]  	;10327	;10836	;InGroup
[1,4] [0,2,3]	;10836	;10917	;Split
[1] [0,2,3]	;10836	;10930	;Split
[1,4] 		;10836	;10917	;WalkTogether
[0,2,3]		;10836	;11113	;WalkTogether
[0,1]		;11642	;11854	;WalkTogether
[2,3,4]		;11802	;12029	;WalkTogether
[0,1]		;11854	;12029	;InGroup
[2,3,4] [0,1]	;11944	;12029	;Approach
[0,1,2,3,4]	;12029	;13216	;InGroup //(merge groups)
[2,1] [0,3,4]	;13216	;13391	;Split
[0,3,4]		;13216	;14495	;InGroup
[2,1]		;13216	;13391	;WalkTogether
[2,1]		;13799	;14087	;WalkTogether
[2,1]		;14381	;14495	;WalkTogether
[2,1] [0,3,4]	;14381	;14495	;Approach
[0,1,2,3,4]	;14495	;15066	;InGroup //(group merge)
[1,2,3] [0,4]	;15066	;15297	;Split
[1,2,3] 	;15066	;16614	;InGroup //(group split)
[0,4]		;15066	;15297	;WalkTogether
[0,4]		;15683	;15978	;WalkTogether
[0,4]		;16489	;16614	;WalkTogether
[0,4] [1,2,3]	;16489	;16614	;Approach
[0,1,2,3,4]	;16614	;17247	;InGroup //(group merge)
[0,4] [1,2,3]	;17247	;17402	;Split
[0,4] 		;17247	;17402	;WalkTogether
[1,2,3]		;17247	;17411	;WalkTogether 
[1,2]		;17412	;17426	;WalkTogether //(3 o/s)
[0,1]		;18047	;18059	;WalkTogether
[0,1,2]		;18059	;18312	;WalkTogether
[3,4]		;18158	;18434	;WalkTogether
[1,2]		;18312	;18318	;WalkTogether
[0,1]		;19250	;19476	;WalkTogether
[2,3,4]		;19364	;19662	;WalkTogether
[1,2,3]		;20167	;20503	;WalkTogether
[1,2,3] [0]	;20467	;20503	;Approach
[0,1,2,3]	;20503	;20790	;InGroup
[0,1,2,3] [4]	;20776	;20790	;Approach //(4 approaches)
[0,1,2,3,4]	;20790	;20799	;InGroup
[0,1,3,4] [2]	;20799	;21013	;Split
[0,1,3,4]	;20799	;21538	;InGroup //(2 leaves)
[0,1,3,4] [2]	;21315	;21538	;Approach
[0,1,2,3,4]	;21538	;21538	;InGroup //(2 joins)
[1] [0]      ;41867  ;41899;  ;Chase
[1] [0]      ;41899  ;41999;  ;Fight
[1] [0]      ;42732  ;42793   ;Chase
[1] [0]      ;44381  ;44447   ;Chase
[2] [0]      ;44381  ;44447   ;Chase
[4] [0]      ;44381  ;44447   ;Chase
[5] [0]      ;44381  ;44447   ;Chase
[1,2]        ;44396  ;44447   ;RunTogether
[1,2,4]      ;44400  ;44447   ;RunTogether
[1,2,4,5]    ;44401  ;44447   ;RunTogether
[1,2,4,5][0] ;44447  ;44576   ;Fight 
[0,1,4,5] [2];44586  ;44614   ;Split
[0]   [1,5,4];44611  ;44634   ;Split
[1,5,4]      ;44611  ;44634   ;WalkTogether
[5,4]        ;44611  ;44637   ;WalkTogether
[0][1]       ;44646  ;44922   ;Ignore
[0,1]        ;46306  ;46375   ;RunTogether 
[2][0,1]     ;46322  ;46375   ;Chase
[4][0,1]     ;46330  ;46375   ;Chase
[2,4]        ;46330  ;46375   ;RunTogether
[5] [0,1]    ;46334  ;46375   ;Chase
[2,4,5]      ;46334  ;46375   ;RunTogether 
[2,4,5]      ;46334  ;46375   ;Chase
[1] [4]      ;46375  ;46613   ;Fight
[0] [2,4]    ;46375  ;46613   ;Fight
[0,2,4]      ;46613  ;46674   ;InGroup
[0,2]        ;46613  ;46703   ;InGroup
[0,1,2]      ;50359  ;50561   ;WalkTogether
[2] [0,1]    ;50359  ;50561   ;Split
[0,1]        ;50359  ;50643   ;WalkTogether
[4,5]        ;50421  ;50643   ;WalkTogether
[2] [4,5]    ;50522  ;50611   ;Approach
[2] [4,5]    ;50611  ;50637   ;Meet
[2] [4,5]    ;50637  ;50660   ;Split
[0,1][2,4,5] ;50656  ;50727   ;Approach
[2] [5]      ;50727  ;50803   ;Fight  
[0,1] [4]    ;50727  ;50803   ;Fight
[0,2] [5]    ;50803  ;50886   ;Fight  
[1] [4]      ;50803  ;50886   ;Fight
[2] [5]      ;50886  ;50908   ;Fight
[0,1] [4]    ;50886  ;50908   ;Fight
[1,2] [5]    ;50908  ;51002   ;Fight
[0] [4]      ;50908  ;51050   ;Fight
[1] [2,5]    ;51002  ;51012   ;Split
[1] [5]      ;51012  ;51050   ;Split
[4,5]        ;51063  ;51167   ;RunTogether 
[0,1,2]      ;51063  ;51084   ;RunTogether 
[0,2]        ;51084  ;51111   ;RunTogether
[0,1,2] [4,5];51072  ;51084   ;Split
[0,2] [4,5]  ;51084  ;51111   ;Split
[0,1,2,4,5]  ;52262  ;52268   ;InGroup
[0,1]        ;52268  ;52388   ;Fight
[2,4,5]      ;52268  ;52388   ;InGroup
[0,1,5]      ;52388  ;52516   ;Fight
[2,4]        ;52388  ;52516   ;InGroup
[0,1]        ;52516  ;52758   ;Fight
[2,4,5]      ;52516  ;52758   ;InGroup
[0] [1245]   ;52752  ;52771   ;Split  
[1,2,4,5]    ;52758  ;52929   ;InGroup
[0,1,2,4]    ;54696  ;54714   ;WalkTogether
[5] [0,1,2,4];54707  ;54714   ;Approach
[5] [0,1,2,4];54714  ;55004   ;Fight
[5] [0,1,2,4];55004  ;55095   ;Split
[0,1,2,4]    ;55004  ;55095   ;RunTogether
[1,2,4]      ;55004  ;55100   ;RunTogether
[1,4]        ;55004  ;55111   ;RunTogether
[0,1]        ;60289  ;60349   ;InGroup
[2] [0,1]    ;60296  ;60349   ;Approach
[4] [0,1]    ;60314  ;60349   ;Approach
[2,4]        ;60314  ;60314   ;WalkTogether
[5] [0,1]    ;60317  ;60349   ;Approach
[2,4,5]      ;60314  ;60349   ;WalkTogether
[0,1,2,4,5]  ;60349  ;60423   ;InGroup
[0] [4]      ;60423  ;60635   ;Fight
[1] [2,5]    ;60423  ;60683   ;Fight
[0] [4]      ;60635  ;60669   ;Split
[4] [1,2,5]  ;60639  ;60677   ;Approach
[1] [2,4,5]  ;60683  ;60691   ;Fight